BodyLink:

	Mesh Bounding Box Size 333.000000 746.000000 166.000000
	Mesh Bounding Box Diag 833.643188 
	Mesh Volume is 486221.531250
	Mesh Surface is 293044.281250
	Thin shell barycenter 79.821976 108.457695 0.008978
	Center of Mass is 70.956482 127.259689 0.029371
	Inertia Tensor is :
	| 22404763648.000000 6741302272.000000 940207.000000 |
	| 6741302272.000000 4684873216.000000 -1743085.250000 |
	| 940207.000000 -1743085.250000 25844056064.000000 |
	Principal axes are :
	| 0.947583 -0.319510 0.000298 |
	| 0.319510 0.947583 0.000013 |
	| -0.000286 0.000083 1.000000 |
	axis momenta are :
	| 24677822464.000000 2411813888.000000 25844056064.000000 |

ForearmFrame

	Mesh Bounding Box Size 407.272003 402.584839 170.700012
	Mesh Bounding Box Diag 597.564697 
	Mesh Volume is 271403.562500
	Mesh Surface is 125210.882812
	Thin shell barycenter 8.820454 5.492130 1.910559
	Center of Mass is 11.180970 33.029125 2.167955
	Inertia Tensor is :
	| 3696776448.000000 2553240064.000000 8815214.000000 |
	| 2553240064.000000 4352102400.000000 -4973956.000000 |
	| 8815214.000000 -4973956.000000 5890015744.000000 |
	Principal axes are :
	| 0.750761 0.660574 -0.000273 |
	| -0.660570 0.750755 -0.003687 |
	| -0.002231 0.002948 0.999993 |
	axis momenta are :
	| 1450238208.000000 6598624768.000000 5890031616.000000 |

ForearmSlider

	Mesh Bounding Box Size 169.972015 85.000000 80.000000
	Mesh Bounding Box Diag 206.192841 
	Mesh Volume is 74971.500000
	Mesh Surface is 57222.488281
	Thin shell barycenter -0.000003 -9.505345 -0.000000
	Center of Mass is 0.001295 -12.660297 0.000000
	Inertia Tensor is :
	| 96722824.000000 -4158.758789 -12.571354 |
	| -4158.758789 319891072.000000 -0.074836 |
	| -12.571354 -0.074836 337686304.000000 |
	Principal axes are :
	| 1.000000 -0.000019 -0.000000 |
	| 0.000019 1.000000 -0.000000 |
	| 0.000000 0.000000 1.000000 |
	axis momenta are :
	| 96722824.000000 319891072.000000 337686304.000000 |

BaseLink

	Mesh Bounding Box Size 615.083923 490.000000 612.807556
	Mesh Bounding Box Diag 996.976135 
	Mesh Volume is 922266.562500
	Mesh Surface is 597401.437500
	Thin shell barycenter 24.510075 -165.526291 0.000105
	Center of Mass is 26.031195 -166.820007 0.000187
	Inertia Tensor is :
	| 35119964160.000000 -2271087872.000000 137415.687500 |
	| -2271087872.000000 40136323072.000000 -11281.165039 |
	| 137415.687500 -11281.165039 30818344960.000000 |
	Principal axes are :
	| 0.933079 -0.359671 -0.000036 |
	| 0.359671 0.933079 -0.000008 |
	| 0.000036 -0.000006 1.000000 |
	axis momenta are :
	| 34244536320.000000 41011752960.000000 30818344960.000000 |


